point     x     y slice color    ID
    0   346   265     1     0     5
    1   368   270     1     1     6
    2   355   272     1     2     7
    3   356   263     1     3     8
    0   347   261     2     0    10
    1   368   268     2     1    11
    2   354   271     2     2    12
    3   358   260     2     3    13
    0   306   232     3     0    14
    1   320   244     3     1    15
    2   306   239     3     2    16
    3   311   230     3     3    17
    0   314   236     4     0    18
    1   324   242     4     1    19
    2   306   239     4     2    20
    3   312   225     4     3    21
    0   333   237     5     0    22
    1   343   241     5     1    23
    2   324   240     5     2    24
    3   327   226     5     3    25
